
ppl                                : 12.053059577941895
diversity                          : 0.9168579636480001
mauve                              : 0.13929128485146625
coherence                          :    0.5
flesch                             : 94.97813179523729
