
ppl                                : 13.3046875
diversity                          : 0.864122442644
mauve                              : 0.8981086587437013
coherence                          :   0.62
flesch                             : 69.7202166666215
