
ppl                                : 2.751688241958618
diversity                          : 0.042871835005999996
mauve                              : 0.010130312950380065
coherence                          :   0.43
flesch                             : 90.68450574379375
