
ppl                                : 6.187654495239258
diversity                          : 0.9882185544000001
mauve                              : 0.8307322327306623
coherence                          :   0.71
flesch                             : 60.8326642575686
