
ppl                                : 5.3671875
diversity                          : 0.56328751773
mauve                              : 0.3349904987462621
coherence                          :   0.68
flesch                             : 62.23145184968416
