
ppl                                : 4.2656707763671875
diversity                          : 0.450499193112
mauve                              : 0.4053497808865102
coherence                          :   0.67
flesch                             : 61.90407855864812
