
ppl                                : 9.640625
diversity                          : 0.93502808127
mauve                              : 0.7763757199845163
coherence                          :   0.71
flesch                             : 62.4377208657948
