
ppl                                : 5.123667240142822
diversity                          : 0.9700336425599999
mauve                              : 0.8926444216962094
coherence                          :   0.71
flesch                             : 61.823096806643235
