
ppl                                : 3.0120763778686523
diversity                          : 0.085654617615
mauve                              : 0.011570831664186852
coherence                          :   0.43
flesch                             : 91.75268540995417
