
ppl                                : 8.321273803710938
diversity                          : 0.805182579696
mauve                              : 0.48966552804714075
coherence                          :    0.6
flesch                             : 77.2228477787867
