
ppl                                : 8.499417304992676
diversity                          : 0.9059638248099999
mauve                              : 0.9082262511008512
coherence                          :   0.62
flesch                             : 74.7664081400022
