
ppl                                : 2.728515625
diversity                          : 0.029439074469000005
mauve                              : 0.017686097447276318
coherence                          :   0.42
flesch                             : 87.01393791340375
