
ppl                                : 4.94921875
diversity                          : 0.30517930356
mauve                              : 0.2502989200718245
coherence                          :    0.6
flesch                             : 70.41069696257738
