
ppl                                : 6.188366413116455
diversity                          : 0.9882185544000001
mauve                              : 0.8124520873072829
coherence                          :   0.71
flesch                             : 60.97703885141476
