
ppl                                : 3.275390625
diversity                          : 0.06812165037
mauve                              : 0.01744211033795071
coherence                          :   0.44
flesch                             : 91.93545266256619
