
ppl                                : 6.57421875
diversity                          : 0.9490929848399999
mauve                              : 0.8162715485897326
coherence                          :   0.72
flesch                             : 63.2033609168632
