
ppl                                : 9.90483283996582
diversity                          : 0.9350624479699999
mauve                              : 0.27431698877753363
coherence                          :   0.51
flesch                             : 86.18249892137678
