
ppl                                : 9.1796875
diversity                          : 0.36500015278600006
mauve                              : 0.2241174451544375
coherence                          :   0.59
flesch                             : 68.05511966598372
