
ppl                                : 4.12890625
diversity                          : 0.410287081893
mauve                              : 0.4254068797262174
coherence                          :   0.69
flesch                             : 63.308743912203916
