
ppl                                : 8.9140625
diversity                          : 0.5998024631520001
mauve                              : 0.5019039751165385
coherence                          :   0.69
flesch                             : 62.59144106601394
