
ppl                                : 14892.8505859375
diversity                          :    1.0
mauve                              : 0.004072096261961255
coherence                          :    0.4
flesch                             : 68.54968929417622
