
ppl                                : 11.43800163269043
diversity                          : 0.888819403584
mauve                              : 0.16601520506982875
coherence                          :    0.5
flesch                             : 94.16478117338414
