
ppl                                : 3.4960365295410156
diversity                          : 0.31001022744300005
mauve                              : 0.2293193481594889
coherence                          :    0.6
flesch                             : 70.23628579243876
