
ppl                                : 14.7890625
diversity                          : 0.11009380915200001
mauve                              : 0.022438674272327517
coherence                          :   0.45
flesch                             : 93.07540692324409
