
ppl                                : 3.484375
diversity                          : 0.211117519592
mauve                              : 0.2821705691539803
coherence                          :   0.59
flesch                             : 71.49906115916251
