
ppl                                : 4.04296875
diversity                          : 0.36655119921600005
mauve                              : 0.46075973634155964
coherence                          :   0.63
flesch                             : 70.06992047253691
