
ppl                                : 6.16117525100708
diversity                          : 0.98543865492
mauve                              : 0.8508853268506318
coherence                          :   0.71
flesch                             : 61.32410408431867
