
ppl                                : 18.046875
diversity                          : 0.18612891935999998
mauve                              : 0.05330154824276123
coherence                          :   0.47
flesch                             : 94.62506101344572
