
ppl                                :   34.0
diversity                          : 0.10792299407099999
mauve                              : 0.030382433194389352
coherence                          :   0.46
flesch                             : 93.5196488096122
