
ppl                                : 6.122492790222168
diversity                          : 0.98653252092
mauve                              : 0.821518850896533
coherence                          :   0.71
flesch                             : 60.81663489700186
