
ppl                                : 3.6583003997802734
diversity                          : 0.38325772485
mauve                              : 0.5588482406477728
coherence                          :   0.61
flesch                             : 73.9740173189097
