
ppl                                : 9.45296573638916
diversity                          : 0.914845985376
mauve                              : 0.8580775755294441
coherence                          :   0.65
flesch                             : 73.19403584954937
