
ppl                                : 7.804409503936768
diversity                          : 0.9632066447520001
mauve                              : 0.8297821012581015
coherence                          :   0.69
flesch                             : 66.27501366260353
