
ppl                                : 7.577368259429932
diversity                          : 0.95938014981
mauve                              : 0.8403089132120878
coherence                          :   0.69
flesch                             : 64.90366900205802
