
ppl                                : 4.5035881996154785
diversity                          : 0.61342285496
mauve                              : 0.6646964034383581
coherence                          :   0.68
flesch                             : 61.03213433367959
