
ppl                                : 63.125
diversity                          : 0.84328415106
mauve                              : 0.04561268119092378
coherence                          :   0.49
flesch                             : 93.62826255081572
