
ppl                                : 6.3203125
diversity                          : 0.6918594659460001
mauve                              : 0.5197107615237608
coherence                          :   0.69
flesch                             : 60.57792917543613
