
ppl                                : 3.1111106872558594
diversity                          : 0.06925529238
mauve                              : 0.01671701414023325
coherence                          :   0.45
flesch                             : 91.78764633031312
