
ppl                                : 4466.00244140625
diversity                          :    1.0
mauve                              : 0.004072096261961256
coherence                          :   0.36
flesch                             : 150.86044477259512
