
ppl                                : 3.4987215995788574
diversity                          : 0.37175941442499993
mauve                              : 0.5257044143623828
coherence                          :   0.63
flesch                             : 70.12644734398873
