
ppl                                : 9.1484375
diversity                          : 0.9172086555
mauve                              : 0.8025607925405563
coherence                          :   0.71
flesch                             : 64.1592396692049
