
ppl                                : 21.8125
diversity                          : 0.820036926522
mauve                              : 0.11080593458892521
coherence                          :   0.49
flesch                             : 95.37612086806276
