
ppl                                : 2.67578125
diversity                          : 0.04072624927
mauve                              : 0.012114981384371993
coherence                          :   0.44
flesch                             : 90.54988846501303
