
ppl                                : 3.445225954055786
diversity                          : 0.22364300112000002
mauve                              : 0.28437207440336437
coherence                          :   0.59
flesch                             : 71.69557100672704
