
ppl                                : 3.617435932159424
diversity                          : 0.47014157770799997
mauve                              : 0.4145112298542081
coherence                          :   0.69
flesch                             : 62.981803512493045
