
ppl                                : 7.80859375
diversity                          : 0.8782615925999999
mauve                              : 0.9000344941855687
coherence                          :   0.63
flesch                             : 68.84307637426704
