
ppl                                : 4.671875
diversity                          : 0.47413329600000004
mauve                              : 0.44345052013836306
coherence                          :   0.69
flesch                             : 62.44304725604039
