
ppl                                : 3.81640625
diversity                          : 0.3601951337040001
mauve                              : 0.34432346082272125
coherence                          :   0.67
flesch                             : 62.889646016108124
