
ppl                                : 2.761199951171875
diversity                          : 0.031688830074000016
mauve                              : 0.01143494502622935
coherence                          :   0.43
flesch                             : 87.09259827563781
