
ppl                                : 5.545639514923096
diversity                          : 0.98207243384
mauve                              : 0.7896176469612606
coherence                          :   0.71
flesch                             : 59.97144938106096
