
ppl                                : 4.9140625
diversity                          : 0.8829799218750001
mauve                              : 0.944931884520421
coherence                          :   0.63
flesch                             : 70.13000033184998
