
ppl                                : 3.578640937805176
diversity                          : 0.33453971838
mauve                              : 0.3499150560132298
coherence                          :   0.67
flesch                             : 63.42571641737572
