
ppl                                : 3.578526258468628
diversity                          : 0.37341058293000007
mauve                              : 0.42869915578493745
coherence                          :    0.6
flesch                             : 71.69506239339556
