
ppl                                : 3.525700330734253
diversity                          : 0.386966552202
mauve                              : 0.3716527371320396
coherence                          :   0.68
flesch                             : 64.29867556338283
