
ppl                                : 8.892203330993652
diversity                          : 0.8826576523880001
mauve                              : 0.5942774082063098
coherence                          :   0.65
flesch                             : 74.46522778413575
