
ppl                                : 4.3515625
diversity                          : 0.30420687346
mauve                              : 0.4025648741236294
coherence                          :   0.61
flesch                             : 68.80414525389911
