
ppl                                : 5.993203639984131
diversity                          : 0.9666592626600001
mauve                              : 0.8480416290930746
coherence                          :   0.72
flesch                             : 61.83079972095294
