
ppl                                : 6.213136196136475
diversity                          : 0.98762328133
mauve                              : 0.8179081729111497
coherence                          :   0.71
flesch                             : 60.915904870821024
