
ppl                                : 10.118552207946777
diversity                          : 0.5955968403
mauve                              : 0.05259433440844342
coherence                          :   0.47
flesch                             : 88.49663500805177
