
ppl                                : 3.111766815185547
diversity                          : 0.09995176666199998
mauve                              : 0.01079123966162668
coherence                          :   0.44
flesch                             : 88.06109442883215
