
ppl                                : 4.8984375
diversity                          : 0.572020977294
mauve                              : 0.5483200643394179
coherence                          :   0.64
flesch                             : 67.92823184694109
