
ppl                                : 11.09375
diversity                          : 0.7571309289120001
mauve                              : 0.08104853717382673
coherence                          :   0.49
flesch                             : 93.13641739075638
